name: aerosols_gfs.yaml
size: 2673
md5sum: 1040495b026486a5ba13e408ac433fa6
mtime: 2020-10-15 02:39:04.559498+00:00
checktime: 2020-10-15 02:39:04.560794
num_chunks: 1
etag: 1040495b026486a5ba13e408ac433fa6
