name: ufo.yaml
size: 5621
md5sum: 5f7bcf9f4fe2106df973047eb3d062a5
mtime: 2020-10-15 02:39:04.566498+00:00
checktime: 2020-10-15 02:39:04.567737
num_chunks: 1
etag: 5f7bcf9f4fe2106df973047eb3d062a5
